499550
10825609
8266075
1315101
4158466
206848
5711185
314135
71636191
2704615
3468483
7312949
384546
303201
212984
112932484
26360761
13579537
856609
1069643
1658742
64508435
1527648
30287768
16551733
3872209
6295529
2296
1670421
2338632
3158258
9675939
6767322
20254980
11657655
15001306
10215166
23289085
551347
1168375
14334509
2224389
23185489
97393721
120148534
5962
2178663
35694601
3607637
47935594
78728988
1461498
150416831
14355994
16171482
656931
1926984
506216
36700291
208827
24284231
22800385
100294974
20105061
11002383
16691614
6358256
20233656
5317095
30065963
125810143
50955360
240147
166590
77007117
63734
12205993
932949
1183461
59118459
9960133
1998410
1715211
112454120
38208150
6276527
9923838
413879
28362229
52367172
153513
7567415
860685
52201
5258040
8603085
8977247
25397555
37948597
4301965
7599006
238325
950759
10275209
56291820
723188
25862682
17202268
18592211
81008680
5371426
362532
5959481
5645503
1207888
3139113
2106987
4427974
1367713
84861176
13882906
5425979
34166801
31870721
40779233
3007365
10192522
129031543
2668081
8353464
26913401
18631871
85740051
458736
861236
112609742
40314039
11182185
5610588
24402685
7606451
12218345
15847405
1700100
11265777
3797513
1730504
63991775
78410652
5723124
17284363
5710495
31106432
23376858
9530963
121874884
34530484
8108788
26303704
1361511
1135270
3940492
59071340
51123970
2049845
2055384
8423594
65603
79296913
135733065
101794619
40887764
18375572
93633738
5070395
28261876
77033664
40347406
52286325
15921929
44147391
9911074
280505
5409617
5910926
5847587
30647653
9334746
1694368
30562775
87114572
57146337
870029
1209810
20762516
36905052
11649912
22291848
91514846
5748289
8122852
23213994
1400864
4597409
938453
7187685
7692626
11695998
8472314
193675
813865
33472159
5275802
78585
5320044
27874591
3814966
36107
19623715
275120
5437113
77479885
8307594
4538946
2042718
26821563
3828728
7984154
30623163
30496
40890991
18722770
1792491
18545294
19341221
631205
3497980
24786324
2819448
347918
12625342
19141
355829
17070708
547235
18049790
57478150
973967
1154867
1207242
66513392
4071863
91452046
45777252
297156
412533
130957594
13816895
461132
28567594
7326583
41798797
41297969
37533040
336681
22350795
1589044
153826528
81322
155392
4469813
13146969
59076257
72253125
14328197
109131039
39557688
4435358
903072
1690028
6465668
13906546
4593375
1130499
59164695
702928
31818963
15833811
25152247
5869938
14323671
34149896
131834193
5155209
6928818
6541089
37696266
553140
186017
161937
84845472
10786795
48676630
1016390
7827389
103097039
9278488
21971232
26020510
12439141
7875161
73917
1116555
11041787
3388047
54623771
20786152
19287477
10362899
112928
4160646
1937160
827167
9312956
54944174
2504199
22924514
17507891
1432849
28812853
45703754
19742402
11365555
610268
18485270
32795963
8863065
6033638
1732217
8139
22354889
146607
15652756
656820
5313274
7028794
56998921
42351146
2093260
110224767
2112
36634506
136104
646827
1063043
15955880
19852435
4335742
13781420
35674081
1543321
890270
35736525
6274610
264626
107756299
100348948
1570592
109806237
6949944
13585043
8535306
8149051
7019411
486336
31321485
20657639
341555
473
1407837
11407146
8895749
409579
16630193
554255
78753275
39144422
12974685
634995
1469843
47652064
93509
57164838
19252045
81155
211980
2605002
81355712
2077895
62529255
26561397
42074
8704175
227739
323891
26474823
1673303
44131180
43892874
1862729
31100945
59861855
6093582
23111350
44202116
76770451
657796
94950553
52310604
17220860
1068625
33076808
8224463
35828432
20717334
3351187
44634257
143679
43920794
23050868
1749303
3774909
41313965
33201827
52091468
500236
40844301
24425756
7734956
337175
50974749
5085931
315687
61078451
31005114
44049579
118231
9715532
6381508
132584
31696690
1214686
25531495
3055062
788834
2155545
32428655
2386262
8898435
1705906
5546200
919292
603317
795867
2204029
10328169
13001361
2264968
3835
14017336
59107903
4266087
69910226
643983
130584435
10321883
2491168
1551277
20535201
507464
4005377
54871790
16432
20349006
27071473
40449
26918997
95563
4591688
8576432
50575108
29036031
3090380
41460798
37911596
30693380
2877531
2505070
79135711
79693291
8296835
98953220
104201305
50129293
9395418
80108368
213
6969514
7472795
622735
8842825
235432
7798592
8187479
85327103
115532
22592318
5719833
17105577
13680648
1757930
17175484
61670638
9404824
30677210
20514086
20247491
150423703
166654
2355528
1639722
1852227
32309574
3214379
9061913
559409
7351502
1280428
8011761
67684198
11048263
16578966
22580629
6704600
135029
4056888
28283
78269445
17881739
63996033
2078389
36725840
10276184
24352799
5791930
68338
18298163
44609036
2193051
10410257
306868
34373383
6849301
5900985
8721225
36725804
3447934
39672615
53124436
217067
1080112
94953686
3083538
1298374
4933577
6388005
41822551
8395112
57639145
127521438
73331790
16533168
23038502
72491369
1078545
2868221
3617343
123800
113000458
6284797
47273164
42912708
77828527
11863087
16677443
38091894
2338506
30165828
124413725
498909
3424112
542272
3516360
97181725
35163759
1284492
103852
3143132
175895
8487294
56189
55289
20141984
283981
96046205
24193556
13619158
41483561
12168382
654863
47273556
1593560
24926784
58744358
1028755
56998716
9564757
2805315
64193267
16643700
11135744
52945328
7610406
4743390
17902244
59918673
24870040
22729408
35733911
936436
7391673
3831173
14368181
1495621
20567858
27291199
29994971
33908456
594199
1883877
90177049
64425805
678204
32699797
46377366
62166536
1762599
1098101
4065128
37538709
5940286
1616840
2833325
25172440
18141440
1916525
11826803
26264086
20043114
5780482
47936793
5188337
14367694
5306869
126824
1138692
2222477
9032341
58539418
2672226
7620389
720042
5665487
28835849
23722139
29709317
30972106
54532616
29497717
7606194
276766
29711188
102820284
164703
1075708
1437241
1307217
43881818
1253893
106918908
23359323
527244
5206401
12782269